[GRID0]
TYPE=0
NAME=Ortho
Ox=0.000000
Oy=0.000000
Oz=0.000000
RotationDir=0
AngleRot=0.000000
PLANE=1
BAYSLEFT_X=24
BAYSRIGHT_X=24
SPACING_X=0.999960
SKEW_X=0.000000
BAYSLEFT_Y=0
BAYSRIGHT_Y=10
SPACING_Y=12.000000
SKEW_Y=0.000000
BAYSLEFT_Z=24
BAYSRIGHT_Z=24
SPACING_Z=0.999996
SKEW_Z=0.000000
LABLE0FLAGS=17
LABLE0FREQUENCY=1
LABLE1FLAGS=20
LABLE1FREQUENCY=1
[INFO]
COUNT=1
UNIT=in
