[GRID0]
TYPE=0
NAME=Ear Plate
Ox=0.000000
Oy=0.000000
Oz=0.000000
RotationDir=0
AngleRot=0.000000
PLANE=2
BAYSLEFT_X=0
BAYSRIGHT_X=10
SPACING_X=0.999960
SKEW_X=0.000000
BAYSLEFT_Y=1
BAYSRIGHT_Y=0
SPACING_Y=12.000000
SKEW_Y=0.000000
BAYSLEFT_Z=0
BAYSRIGHT_Z=10
SPACING_Z=12.000000
SKEW_Z=0.000000
LABLE0FLAGS=17
LABLE0FREQUENCY=1
LABLE1FLAGS=18
LABLE1FREQUENCY=1
[INFO]
COUNT=1
UNIT=in
